# 10 paradas + 3 almacenes = 13 nodos
# los nodos almacen serán los últimos 3 es decir el 10 11 y 12
13
0.0 2607.0 549.0 2009.0 1368.0 2233.0 1131.0 581.0 515.0 582.0 1726.0 442.0 1438.0 
2607.0 0.0 3154.0 1013.0 3183.0 932.0 1480.0 3056.0 2097.0 2886.0 1032.0 2506.0 1547.0 
549.0 3154.0 0.0 2515.0 1413.0 2739.0 1679.0 369.0 1064.0 665.0 2250.0 829.0 1911.0 
2009.0 1013.0 2515.0 0.0 2976.0 224.0 1079.0 2325.0 1572.0 2449.0 345.0 2077.0 640.0 
1368.0 3183.0 1413.0 2976.0 0.0 3180.0 1899.0 1742.0 1500.0 805.0 2636.0 1009.0 2565.0 
2233.0 932.0 2739.0 224.0 3180.0 0.0 1282.0 2545.0 1793.0 2668.0 545.0 2294.0 854.0 
1131.0 1480.0 1679.0 1079.0 1899.0 1282.0 0.0 1620.0 618.0 1437.0 737.0 1053.0 801.0 
581.0 3056.0 369.0 2325.0 1742.0 2545.0 1620.0 0.0 1043.0 953.0 2094.0 991.0 1696.0 
515.0 2097.0 1064.0 1572.0 1500.0 1793.0 618.0 1043.0 0.0 877.0 1262.0 516.0 1077.0 
582.0 2886.0 665.0 2449.0 805.0 2668.0 1437.0 953.0 877.0 0.0 2132.0 384.0 1937.0 
1726.0 1032.0 2250.0 345.0 2636.0 545.0 737.0 2094.0 1262.0 2132.0 0.0 1755.0 520.0 
442.0 2506.0 829.0 2077.0 1009.0 2294.0 1053.0 991.0 516.0 384.0 1755.0 0.0 1592.0 
1438.0 1547.0 1911.0 640.0 2565.0 854.0 801.0 1696.0 1077.0 1937.0 520.0 1592.0 0.0